4.735000e+03 0.000000e+00
4.750000e+03 0.000000e+00
4.765000e+03 1.243790e-02
4.780000e+03 1.985250e-02
4.795000e+03 2.979670e-02
4.810000e+03 4.472040e-02
4.825000e+03 6.228360e-02
4.840000e+03 7.973870e-02
4.855000e+03 9.991220e-02
4.870000e+03 1.251510e-01
4.885000e+03 1.503470e-01
4.900000e+03 1.777690e-01
4.915000e+03 2.192620e-01
4.930000e+03 2.628720e-01
4.945000e+03 3.063020e-01
4.960000e+03 3.533420e-01
4.975000e+03 4.021950e-01
4.990000e+03 4.507530e-01
5.005000e+03 5.006650e-01
5.020000e+03 5.533020e-01
5.035000e+03 6.056870e-01
5.050000e+03 6.569040e-01
5.065000e+03 7.026630e-01
5.080000e+03 7.472950e-01
5.095000e+03 7.915130e-01
5.110000e+03 8.285520e-01
5.125000e+03 8.616200e-01
5.140000e+03 8.944970e-01
5.155000e+03 9.226040e-01
5.170000e+03 9.421390e-01
5.185000e+03 9.613790e-01
5.200000e+03 9.789100e-01
5.215000e+03 9.867880e-01
5.230000e+03 9.930310e-01
5.245000e+03 9.991260e-01
5.260000e+03 1.000000e+00
5.275000e+03 9.980560e-01
5.290000e+03 9.961230e-01
5.305000e+03 9.926490e-01
5.320000e+03 9.863440e-01
5.335000e+03 9.800130e-01
5.350000e+03 9.730530e-01
5.365000e+03 9.621510e-01
5.380000e+03 9.506480e-01
5.395000e+03 9.391720e-01
5.410000e+03 9.260800e-01
5.425000e+03 9.121480e-01
5.440000e+03 8.982930e-01
5.455000e+03 8.842120e-01
5.470000e+03 8.696540e-01
5.485000e+03 8.551630e-01
5.500000e+03 8.401760e-01
5.515000e+03 8.218310e-01
5.530000e+03 8.030110e-01
5.545000e+03 7.843100e-01
5.560000e+03 7.664350e-01
5.575000e+03 7.490520e-01
5.590000e+03 7.317620e-01
5.605000e+03 7.145640e-01
5.620000e+03 6.974580e-01
5.635000e+03 6.804440e-01
5.650000e+03 6.635180e-01
5.665000e+03 6.466830e-01
5.680000e+03 6.299370e-01
5.695000e+03 6.132760e-01
5.710000e+03 5.965250e-01
5.725000e+03 5.797650e-01
5.740000e+03 5.630940e-01
5.755000e+03 5.463180e-01
5.770000e+03 5.292800e-01
5.785000e+03 5.123220e-01
5.800000e+03 4.954520e-01
5.815000e+03 4.786680e-01
5.830000e+03 4.619710e-01
5.845000e+03 4.453710e-01
5.860000e+03 4.293730e-01
5.875000e+03 4.137380e-01
5.890000e+03 3.981820e-01
5.905000e+03 3.832640e-01
5.920000e+03 3.694440e-01
5.935000e+03 3.557180e-01
5.950000e+03 3.418280e-01
5.965000e+03 3.266160e-01
5.980000e+03 3.112480e-01
5.995000e+03 2.960060e-01
6.010000e+03 2.830240e-01
6.025000e+03 2.712930e-01
6.040000e+03 2.596190e-01
6.055000e+03 2.482760e-01
6.070000e+03 2.374890e-01
6.085000e+03 2.267660e-01
6.100000e+03 2.161920e-01
6.115000e+03 2.062520e-01
6.130000e+03 1.964580e-01
6.145000e+03 1.867220e-01
6.160000e+03 1.775260e-01
6.175000e+03 1.686410e-01
6.190000e+03 1.598000e-01
6.205000e+03 1.512660e-01
6.220000e+03 1.432620e-01
6.235000e+03 1.353060e-01
6.250000e+03 1.273570e-01
6.265000e+03 1.192570e-01
6.280000e+03 1.111640e-01
6.295000e+03 1.031230e-01
6.310000e+03 9.576180e-02
6.325000e+03 8.878190e-02
6.340000e+03 8.183560e-02
6.355000e+03 7.518120e-02
6.370000e+03 6.903380e-02
6.385000e+03 6.292620e-02
6.400000e+03 5.703220e-02
6.415000e+03 5.227540e-02
6.430000e+03 4.772540e-02
6.445000e+03 4.320670e-02
6.460000e+03 3.917820e-02
6.475000e+03 3.542320e-02
6.490000e+03 3.168550e-02
6.505000e+03 2.847110e-02
6.520000e+03 2.620190e-02
6.535000e+03 2.396330e-02
6.550000e+03 2.182550e-02
6.565000e+03 2.023960e-02
6.580000e+03 1.875100e-02
6.595000e+03 1.727940e-02
6.610000e+03 1.627280e-02
6.625000e+03 1.551960e-02
6.640000e+03 1.476990e-02
6.655000e+03 1.410610e-02
6.670000e+03 1.359670e-02
6.685000e+03 1.309300e-02
6.700000e+03 1.259150e-02
6.715000e+03 1.209220e-02
6.730000e+03 1.159520e-02
6.745000e+03 1.110040e-02
6.760000e+03 1.060780e-02
6.775000e+03 1.011740e-02
6.790000e+03 9.629090e-03
6.805000e+03 9.223650e-03
6.820000e+03 8.968190e-03
6.835000e+03 8.717090e-03
6.850000e+03 8.467100e-03
6.865000e+03 8.218160e-03
6.880000e+03 7.970330e-03
6.895000e+03 7.723580e-03
6.910000e+03 7.477900e-03
6.925000e+03 7.233280e-03
6.940000e+03 6.989730e-03
6.955000e+03 6.747210e-03
6.970000e+03 6.505750e-03
6.985000e+03 6.265340e-03
7.000000e+03 6.025940e-03
7.015000e+03 5.787550e-03
7.030000e+03 5.550200e-03
7.045000e+03 5.313850e-03
7.060000e+03 5.078530e-03
7.075000e+03 4.844160e-03
7.090000e+03 4.610830e-03
7.105000e+03 4.378460e-03
7.120000e+03 4.147070e-03
7.135000e+03 3.916670e-03
7.150000e+03 3.687210e-03
7.165000e+03 3.458720e-03
7.180000e+03 3.231190e-03
7.195000e+03 3.004600e-03
7.210000e+03 2.778970e-03
7.225000e+03 2.554280e-03
7.240000e+03 2.330490e-03
7.255000e+03 2.107640e-03
7.270000e+03 1.941090e-03
7.285000e+03 0.000000e+00
7.300000e+03 0.000000e+00
